x^2 + 7x + 2:
2
10
20
33
47
64
82
103
126
151
178
207
238
271
306
343
383
424
468
514
561
611
663
717
773
831
892
954
1018
1085
1153
1224
1297
1372
1449
1528
1609
1692
1777
1864
1954
2045
2139
2234
2332
2432
2534
2638
2744
2852

3x + 2:
2
5
8
11
14
17
20
23
26
30
33
36
39
42
45
48
51
54
57
60
63
66
69
72
75
79
82
85
88
91
94
97
100
103
106
109
112
115
118
121
124
128
131
134
137
140
143
146
149
152

x^2:
0
1
4
9
17
26
37
51
67
84
104
126
150
176
204
234
267
301
337
376
416
459
504
551
600
651
704
759
816
876
937
1001
1066
1134
1204
1276
1349
1425
1504
1584
1666
1750
1837
1925
2016
2108
2203
2300
2399
2500

x^3:
0
1
8
29
68
133
229
364
544
775
1062
1414
1836
2334
2915
3586
4352
5220
6196
7288
8500
9840
11313
12927
14688
16601
18674
20913
23324
25913
28687
31652
34815
38182
41760
45554
49571
53818
58301
63025
67999
73227
78717
84475
90507
96819
103418
110310
117502
125000

x^5:
0
1
35
269
1133
3457
8603
18593
36251
65325
110629
178169
275281
410758
594990
840090
1160031
1570776
2090413
2739288
3540133
4518207
5701420
7120472
8808984
10803629
13144267
15874076
19039686
22691312
26882886
31672190
37120987
43295157
50264829
58104510
66893224
76714638
87657202
99814275
113284262
128170744
144582614
162634208
182445436
204141918
227855114
253722459
281887494
312500000

x^3 + 2x^2 + x + 10:
10
14
29
60
115
200
321
484
695
962
1291
1687
2158
2709
3348
4080
4911
5849
6899
8069
9363
10789
12354
14062
15922
17938
20118
22469
24995
27704
30602
33695
36991
40494
44212
48151
52317
56717
61356
66243
71382
76780
82444
88379
94593
101092
107881
114968
122359
130060

x^4 - 3x^3 + 2x^2 + 100:
100
100
100
120
207
431
892
1712
3042
5058
7962
11983
17373
24414
33411
44697
58629
75593
95997
120279
148900
182349
221140
265814
316936
375100
440923
515050
598151
690923
794087
908394
1034616
1173555
1326038
1492915
1675068
1873398
2088839
2322345
2574900
2847512
3141216
3457073
3796170
4159618
4548558
4964153
5407595
5880100

sin(x):
0
1
1
0
0
0
0
1
1
0
0
0
0
1
1
0
0
0
0
1
1
1
0
0
0
0
1
1
0
0
0
0
1
1
0
0
0
0
1
1
0
0
0
0
1
1
0
0
0
0

cos(x):
1
1
0
0
0
0
1
1
0
0
0
0
1
1
0
0
0
0
1
1
0
0
0
0
1
1
0
0
0
0
1
1
0
0
0
0
1
1
0
0
0
0
0
1
1
0
0
0
0
1

x^5 + 4x^4 + x^3 - 2x^2 + 100:
100
104
205
730
2378
6348
14477
29368
54525
94484
154950
242925
366842
536700
764195
1062851
1448157
1937696
2551280
3311082
4241766
5370627
6727715
8345974
10261373
12513038
15143384
18198251
21727033
25782813
30422496
35706940
41701091
48474112
56099520
64655318
74224125
84893310
96755128
109906847
124450886
140494944
158152135
177541121
198786241
222017649
247371443
274989801
305021110
337620100

